
Count
<=-2
-1½
-1 
-½
 0 
½
 1 
1½
 2 
2½
 3 
3½
 4 
4½
 5 
5½
 6 
6½
 7 
7½
 8 
8½
 9 
9½
 10 
10½
 11 
11½
 12 
12½
 13 
13½
 14 
14½
 15 
15½
>=16

Bets
Optimal
Custom
CountFreq.
CountFreq.
 0.1497 
 0.0466 
 0.073 
 0.098 
 0.2772 
 0.0942 
 0.0706 
 0.0451 
 0.0402 
 0.0262 
 0.0205 
 0.0106 
 0.015 
 0.0082 
 0.0067 
 0.0041 
 0.0041 
 0.0027 
 0.0021 
 0.0008 
 0.0015 
 0.0009 
 0.0007 
 0.0003 
 0.0004 
 0.0003 
 0.0002 
 0 
 0.0001 
 0.0001 
 0.0001 
 0 
 0 
 0 
 0 

 0 
AverageBet
AverageBet
 33.36 
 33.36 
Win/Loss
Win/Loss
-0.0241 
-0.0129 
-0.0107 
-0.0079 
-0.0039 
-0.0001 
 0.0025 
 0.0052 
 0.0082 
 0.0107 
 0.0136 
 0.0154 
 0.019 
 0.0222 
 0.0246 
 0.03 
 0.033 
 0.0367 
 0.0403 
 0.0429 
 0.0463 
 0.0522 
 0.0535 
 0.0597 
 0.0612 
 0.0662 
 0.0688 
 0.0777 
 0.0847 
 0.0744 
 0.0941 
 0.0902 
 0.0926 
 0.0897 
 0.0867 

 0.0996 
Results
EV
 0.0067 
 0.0067 
EV
Std. Error
 0.01 
 0.03 
 0.02 
 0.02 
 0.01 
 0.02 
 0.02 
 0.03 
 0.03 
 0.04 
 0.04 
 0.06 
 0.05 
 0.06 
 0.07 
 0.09 
 0.09 
 0.11 
 0.13 
 0.2 
 0.15 
 0.2 
 0.23 
 0.31 
 0.3 
 0.37 
 0.44 
 0.91 
 0.55 
 0.7 
 0.85 
 1.41 
 1.19 
 1.5 
 1.87 

 1.59 
Results
Win/Rnd
 0.22 
 0.22 
StandardDeviation
StandardDeviation
 1.202 
 1.189 
 1.186 
 1.183 
 1.18 
 1.179 
 1.178 
 1.177 
 1.175 
 1.174 
 1.175 
 1.178 
 1.183 
 1.188 
 1.193 
 1.197 
 1.203 
 1.209 
 1.215 
 1.218 
 1.214 
 1.214 
 1.21 
 1.208 
 1.209 
 1.202 
 1.207 
 1.197 
 1.204 
 1.195 
 1.193 
 1.191 
 1.188 
 1.206 
 1.186 

 1.187 
Results
Win/Hour
 17.81 
 17.81 
Optimal Bets
Exact
 1 
 1 
 1 
 1 
 1 
 1 
 1.95 
 4.04 
 6.44 
 8.38 
 9 
 9 
 9 
 9 
 9 
 9 
 9 
 9 
 9 
 9 
 9 
 9 
 9 
 9 
 9 
 9 
 9 
 9 
 9 
 9 
 9 
 9 
 9 
 9 
 9 

 9 
Std Dev
Round
 59.6 
 59.6 
Optimal Bets
Chips
 15 
 15 
 15 
 15 
 15 
 15 
 30 
 60 
 90 
 120 
 135 
 135 
 135 
 135 
 135 
 135 
 135 
 135 
 135 
 135 
 135 
 135 
 135 
 135 
 135 
 135 
 135 
 135 
 135 
 135 
 135 
 135 
 135 
 135 
 135 

 135 
Std Dev
Hour
 533.04 
 533.04 
Custom
Bets
 15 
 15 
 15 
 15 
 15 
 15 
 30 
 60 
 90 
 120 
 135 
 135 
 135 
 135 
 135 
 135 
 135 
 135 
 135 
 135 
 135 
 135 
 135 
 135 
 135 
 135 
 135 
 135 
 135 
 135 
 135 
 135 
 135 
 135 
 135 

 135 
Risk ofRuin
Risk ofRuin
 0.367 
 0.367 







































Perform
DI
 3.74 
 3.74 







































Perform
SCORE
 13.96 
 13.96 







































Perform
CE
 0.05 
 0.05 







































Perform
CE/WR
 0 
 0 







































Rounds
N0
 71641 
 71641 







































Std Err
%W/L
 0.01 
 0.01 







































Std Err
Win/Hour
 0.34 
 0.34 







































Std Err
SCORE
 0.54 
 0.54 
